20522190
e66327
e49696
e49373
e37629
9609797
d88947
d88924
578021
9487615
d47499
d33848
d29472
d23934
d22437
c83298
c79389
c76466
c38288
c29763
b69798
b66633
993324
900656
944523
969880
904863
377984
21328530
60727484
53797041
80295665
80295206
556029
20087929
20796878
v42277
40978501
v42263
v42262
558361
21914421
1350872
62007374
20754089
1349813
20963917
1350120
v42234
1351241
1351275
21313820
1350860
21982046
557202
1351315
1351382
80295533
20369540
65297641
70034868
21046144
21265014
553241
21448968
21404387
20677205
21161588
21285615
20822885
1345332
21976863
v26237
21636262
v26223
50433005
v24988
21057166
v24983
v24969
553464
21117150
20004458
21320944
70069022
20026669
553783
553818
21556964
20322172
20556237
t46238
21448566
533824
2243301
70039335
t44338
21014133
20962647
t43997
20802847
70039998
20662873
70040039
t43377
20729581
t43263
21059597
t42742
21454845
21576530
20132571
t39848
q94672
20136844
20705807
21874107
1325451
80289876
21975287
21323477
21632265
21000431
20271919
80294559
20273893
552884
v39923
21515204
v39896
20123269
80294652
558191
v39886
2252657
21526339
v39879
1349603
31795352
1350414
21751235
20287486
20973711
558044
557637
v39844
21616960
21710131
557711
20583297
70077181
70076665
21941681
48398401
80296171
21575878
80292516
80296527
70077164
80296661
80295324
80292379
80296622
80295947
80296023
80296640
554166
2252710
1351526
20511920
t44649
70075832
21401905
21381445
20538104
20545297
1349328
2253009
q78623
7980868
21134597
q77646
21584957
20523294
q74446
q72787
q72784
q72684
2234113
q72449
q69963
f34976
p36474
1275908
20194398
q64986
q64687
7976344
q49246
q48769
q46479
q37986
q36878
q34879
20124845
p99624
21633928
p96287
20000014
v38449
v38448
9478044
21412514
1350516
557138
21445261
70075427
20251766
21340757
21214618
20039722
20375334
v38424
20206668
21019013
21462393
21635101
70075380
2252637
21503831
80289569
557557
557265
2252357
550503
80293971
557308
556495
70036930
20889880
h29639
20573533
t28897
21639312
t28839
20966523
t28447
m37378
80024370
20363626
1323441
1320736
t26399
9691549
t26298
p24244
20828831
t24789
20896707
t24686
t24649
80024696
t24264
20455655
20391649
t23438
21548127
20799411
20579288
80291508
80294416
21892389
u87343
21530126
20760403
20096690
21303442
80293984
20994082
555416
80289710
70075316
70074158
v38322
21567935
52260345
1348610
v38294
v38293
v38292
v38289
v38288
v38287
v38286
v38284
v38283
80294306
80289915
20123892
20103049
20486299
21173210
20118707
20479409
v29779
21593769
554900
552573
20269055
542802
v29729
21140848
21264298
57198709
20293439
80109654
21312168
21763231
20363099
20957551
554284
553671
20195075
20826507
20071944
70071327
80024540
550118
20784974
21850354
21490942
20048798
21339314
t72444
21674108
t72367
530332
21625183
80113325
537000
21871463
t69236
20380327
21776332
2242455
2243353
t68866
t68774
t68769
20758505
20482746
21174837
536908
1329200
21553875
21933324
20581801
70043867
558752
v43382
20733053
558658
70077379
v43346
v33236
1351957
20799347
42957336
33142916
558587
20351411
80296286
20752135
80295763
20854161
20028516
70077357
20422250
21768193
557850
21660587
1351735
v43336
21851528
20060836
1351144
70077340
21898847
80127358
v34438
1344353
1347870
20276020
555884
554748
20921196
21375832
80017742
21654859
1346826
555258
21233671
554696
1348044
1349024
20481513
21027000
v34426
20564447
21175340
20584935
21777553
57228276
21738062
70073398
554943
20848794
80020384
p94699
p93648
p92348
9993765
p83898
f82679
1284117
7956192
p73928
h29844
p73399
1283068
p67473
20738638
p66279
p62388
1281416
20136079
20564755
p46773
p46673
p46373
p44847
9711444
p43492
p43398
20360381
20094749
p39338
p39276
558792
21868189
21964987
21265385
1351186
21682572
1350787
20601731
v43693
21072174
559086
1352039
1351374
21243608
1348518
20727977
51439414
v43679
v43678
v43674
70077627
70075459
21365329
20844622
21631724
20981274
1345736
553814
70074124
20878706
21783398
1333972
21184346
80127462
21910496
21003887
34698270
555657
553324
70072706
70073531
20886308
555383
554974
20956476
80018730
v34728
80289815
80125692
u36784
80127888
u36922
555192
21516940
69138380
80127403
20618861
21776209
555699
555082
20483015
80110021
70070023
557443
v38266
21247524
20477662
21376889
48124160
2252734
v38262
21861173
80292627
2252368
1349946
v38236
1350080
21373194
21106404
1349750
20815868
557368
20085984
v38228
80291695
s68766
21301635
1348066
21842978
21306031
21036654
21861319
21919001
9626156
20190895
t42877
u98639
551524
21583256
80028120
21367687
21202082
21622840
u98428
51301603
1345813
20493546
552589
u98388
20235210
21377669
21993019
80024118
u98362
548863
552616
535460
u98333
21557729
80023732
20852049
80127430
80294043
1350100
20600957
556646
553004
535293
v37993
55239886
51196798
553128
20981809
21011981
u86969
20695068
557305
557412
557064
556464
62076417
56540071
80292376
20233300
30570864
80291705
556940
20927678
20067351
v37973
21158699
20474622
80127332
20742771
21110169
20411610
v33242
20564315
v33239
20562233
20017940
v33232
21687313
21114337
555206
v33224
1345083
80113402
555201
554709
1347804
2250926
80125715
1346731
20231831
1348319
21636856
20922307
v32978
21265839
70069115
1348422
21360627
v34293
v34274
2251714
20575564
v34266
555411
21550907
1346915
21023892
20585759
80127812
20962086
555678
555169
20454928
1348574
21159246
2251660
70073015
20308917
80017074
555562
80029460
20113601
20717845
80125571
1348521
70074782
65082269
557281
557253
21009331
20579663
v37834
1350079
7942039
80291688
21589878
32687896
556410
21980920
546666
20885045
557200
21544415
1345872
548026
20534680
557157
20293851
80291634
20608778
1342339
20758572
553133
u72499
20723288
80018418
20305659
552813
56462180
21326747
u98966
552851
20807179
80024688
20985718
20668283
80023137
20597674
80017869
1337808
20185386
1341795
552838
20084212
20198070
80023173
20112688
21071619
21887479
u98778
70068539
u98738
70069109
20884736
20776935
70049414
1330624
20939677
539442
21872354
t84832
1331543
r43936
1331921
1331918
20969530
20125727
538908
70048533
t82622
t82424
t82393
9936643
20149293
20979912
70047932
80113203
70048099
21207227
20709179
21717279
1330767
20667244
20794756
t78633
21043925
20528343
v34678
80127592
21530085
80128070
20853748
20681762
21227010
555641
7992406
20818259
21033141
80128162
20910205
21366370
1346564
20278366
21063723
20078099
80017749
v34497
v34493
21849066
21266057
555589
38409889
v34464
70072827
20612655
21088471
v39339
21057339
557762
80113045
80295079
20114956
555724
557349
21055479
80292529
80294500
557909
557236
20217452
m23237
556602
20514610
20978013
1350946
1350553
1350779
v39266
21057959
v39263
70074967
1350069
1350692
1350723
1350571
80291894
31357657
80021198
21953003
70074290
70074291
70074289
80108968
556141
552559
v36679
20823066
20405610
554770
20138095
21819603
20509065
556099
551786
21100673
539361
21815408
9567580
70074206
20691109
2251740
21963906
21658699
20481698
555997
20181637
r78638
r78242
r77948
r76922
80025833
r76673
r74927
20407781
20936528
2237215
r72834
1305469
1305659
20905110
21677575
20724759
21400192
21806454
70005080
21218097
r64438
r64222
r63623
r63443
r63429
21677652
r62847
r62468
r49836
1349194
80128082
555435
542647
80018698
556195
80127754
21444083
v34984
555718
80127695
1347810
554693
554300
80017198
21048684
20404961
80127614
c36687
1348476
20863850
1346572
21874628
555013
20964768
21593435
556227
20199920
21318045
21059776
554849
555400
v33426
2251340
1345679
21688722
21159717
21476187
20447405
20694736
552945
80289722
20488629
21924779
556242
v34927
21930281
80288476
20526440
21444718
20819846
80289562
1348770
556018
555789
v34923
1347125
20413716
2251679
2251678
21652544
80295558
49534851
20415253
70076239
532487
557357
21197965
552569
1351072
20195329
20660859
20555866
1350580
1350661
70075532
21121135
21916691
20381142
1350674
80295245
v39762
v39749
557566
557311
557302
80294488
21746648
80295663
v39729
552534
517544
21591550
552834
20461864
21838557
v22639
70069799
70069798
70069796
70069795
70069794
70069792
70069790
70068829
9933483
20046191
v22484
1346506
21707492
v22396
542444
1346267
80020155
1345402
1346462
20787458
1346122
v22367
1344327
u97623
20037678
21863305
1345750
552086
2249971
80019681
20221791
20009331
21341944
21948655
80019892
1345674
56024052
21650993
u96944
552001
21128249
70068629
1254515
552409
551904
552379
546268
u96774
21668383
21616743
21762444
20016439
1345525
1343111
80125513
20822877
2251604
70062444
555553
554730
20083866
20518129
80127707
21944744
70072866
20099578
69118241
21870713
v33669
20561223
21792577
70069351
526780
20876696
20197795
21744863
2251689
20847469
v33496
v33493
21651981
20368869
21347705
h36369
1112201
h32346
h29437
h26978
9726293
9608635
g94876
397552
9791260
g84862
g83966
g77424
g76366
g74674
g36494
21319378
f78793
f76322
f69884
f64267
f49762
f46969
f43489
f38778
f26934
593262
e84729
e78968
e73849
537816
t78327
530699
t77793
70047393
t77693
20391614
70046443
20825684
21181244
70047103
t76693
20508852
21636116
1327985
20674081
506470
21816696
21019235
20702792
21280047
70042910
1329513
20903305
20763171
21391908
20830227
t73469
536216
528100
21101496
20139350
551509
80113167
21746457
21931189
21788782
552668
2249681
u97893
70068820
70068824
70068708
80019014
1345704
70068787
70068800
70068774
20411359
20556598
21220821
1345550
u97694
u97684
20040969
552039
70066350
20022162
552375
20501765
v29444
70071857
63495881
1348034
p26977
20987238
20256960
v29423
20888582
v29384
20234508
80022007
21956515
21977671
21667477
1346475
1330419
551377
554836
70071851
v29338
9431674
70071848
553226
80024260
1346070
20279141
20331282
20104489
21329430
21612195
552794
2250649
20343592
553201
552740
v22263
20657978
1346395
553175
20415165
35416821
60408152
21082511
21444136
43737798
1346448
553192
u99983
20535169
9979290
21927601
9939107
552601
21468895
20124294
2251093
21757760
21215149
u99886
21746301
56044118
1347606
20438255
558089
21428161
20507219
21983608
21402410
20751955
80295462
21572543
20208814
80294699
21604828
21558300
80292553
20015073
80295732
68927139
21330124
20645736
558007
557169
557168
20092101
20211226
49347760
55013810
21173195
20173119
21478725
21515541
20487185
1349911
556433
2252197
21070642
20214892
20519618
21023006
1349975
20589826
1349480
555741
20019975
80022304
20101260
20179748
20689408
v37273
1348703
20466757
70074493
21227630
80128171
80289557
1349938
556829
556637
21513202
s99736
s99478
20615528
r22263
20339586
21303550
s97846
20277173
s96844
s96373
21325086
1320726
70033181
s93849
s93838
s92923
2230085
s89786
7948506
21394986
1320176
1317657
1320394
20618007
s84787
20037941
21820416
20816957
21825126
80019191
21350624
1344892
21370376
1344075
540625
70049754
20308163
1345279
1344981
21179665
80020088
552266
21004358
21284434
20834586
549144
80020930
1345475
80023816
1345457
551986
551702
70068339
20775836
21055358
20953348
21330882
20069204
70068274
21460768
554486
552990
20509717
21062895
20358360
21732705
80113573
554393
21447063
80024995
554168
20683313
20954101
20353178
v28944
21012139
21134399
554731
554721
21930345
21559425
2251272
1347874
20023665
70071548
1328309
20405303
v28866
554632
20708684
20634975
20829949
21190570
70077271
20390472
20884861
20527202
20950148
21795162
559033
80296766
80296601
1351293
21076071
20280631
80296869
21596595
33867203
p88429
21156574
55289899
21702515
21574787
80113856
1351732
21946263
20941216
70057041
1351513
21531760
21437332
556737
v39678
21777351
80294133
20022137
u96674
1350286
20691987
v39642
v39638
80295442
557069
21776125
9640880
20023919
42306603
21116048
20017618
21240199
21042169
20793302
v39487
20341736
557913
557271
1350314
21259788
21295053
9474006
20200032
v24892
21902313
35939016
20361010
80023749
553588
553390
70069994
21375034
20672612
20694965
20192003
v24779
21177792
21473235
547273
553022
v24669
70070156
1346597
1346104
553067
1347060
20366649
21812704
80112925
553330
20651409
21625561
20214824
530847
20970126
20284551
20704667
20312606
21233775
555632
555619
67458410
21562114
20915915
21097898
554921
80127978
1348386
20696148
21698929
1348734
v33926
21773918
21886468
21306642
21807714
20291960
21104031
555672
1347848
554551
66180146
558521
558190
80296793
20603747
21266854
1351102
20972549
v43293
9712173
21592388
20324487
20805241
21009816
70075304
80291748
21245532
20737552
21899789
558175
70076277
20397277
80294637
558811
20829167
21080129
36916117
21128516
21487466
1351804
20807382
21143941
556948
20118761
1349886
555000
45447164
20640289
21692935
539529
56628455
21345823
556306
70074968
20906328
21169286
1349239
20449338
70074202
557197
v37929
1349624
69784621
21135485
556756
80293944
t33286
20241960
61778843
80291607
v32974
21636509
21673003
555393
1346796
20742985
555229
555286
555057
1347452
63521972
21026809
1347255
20915352
21827108
1346006
554570
1347724
21424785
21904617
1346027
80127271
v32932
56672645
554793
21550012
70072407
20513338
21776639
20773929
p38739
p38682
p37879
p37289
p36869
20147592
7944436
7919459
p32478
p28733
p28689
p27824
p26772
p24866
20401750
b26469
1274360
k62734
7940753
n99822
c22648
n98472
n97946
n72746
9691507
f32489
n89498
677847
n86869
n82867
21918627
1342814
2247748
2249634
549807
1338803
80024099
80021430
80019953
80026150
21601686
80021399
20290434
1343837
21765297
20828953
20573803
21178866
20365956
1342918
21319178
69016359
1342322
u84897
20421491
u84887
20514671
536686
2248735
1342586
9834693
1304193
r48879
r48628
21335590
21314732
20743057
r47966
r47738
21672749
20366987
r46296
70001555
997097
20638379
r43738
21395785
955644
21000313
70001291
r39339
21133578
21916397
r38623
r38326
509678
21321436
r36448
r36288
20290190
21755314
1349293
80290081
556214
550034
21922023
80026057
21384158
21936378
v34879
2251280
21492735
546940
547332
48033264
21217616
21173048
v34868
20058844
555986
555806
80289705
80128032
2251756
v34863
70073609
556174
555234
2252225
20071133
555518
80113670
20970228
80127517
b84683
v33373
1347598
80127307
20693888
20896305
21159145
20564892
80127454
20692071
70072655
20683905
21650682
20822781
21504028
80113521
554428
20265952
70072157
20840231
v33286
555419
21557870
v33279
20967069
33368859
2251329
21875010
21112576
20179156
554569
1347629
554464
v28293
1325956
21610241
20247247
20040839
554494
554505
20584747
21314444
20757868
21346370
1347555
21348187
70068084
21602571
21469030
552431
80024320
553298
1347551
21447331
t46468
20121075
70069516
u99862
54676142
20880426
21208969
1346156
u99729
552915
21153994
20410336
u99639
20561831
t98993
80019534
20602134
80017939
20690957
21608777
1345606
551696
80023333
2250688
21145800
552832
80113292
20885570
21864581
548797
1324244
1345996
20478880
1346613
557867
556931
1350195
1349998
70076654
21234850
20039848
1351213
1350800
20709929
558672
v42848
v42847
21247528
v42842
21307526
21012643
20912803
v28842
21721680
20508242
20645492
21500825
1351450
2253049
558640
558012
21784756
v32928
80127255
21899564
20956057
21816298
554781
20138354
20759466
21474806
20161628
1347688
555302
1347844
80126933
20061561
20141924
555196
1348302
1348193
80022454
20822907
20175332
1347977
80023527
20583452
21818662
21315180
1347923
533377
555248
1346386
549943
9725541
2251062
553445
9931411
70070356
553500
21110425
20939227
2251271
21792314
20723023
20491409
21940398
70070186
21372330
21484267
80113334
v24323
553449
1346249
21459724
20421077
20071558
553634
70069770
54857574
21542357
v24268
r77933
34676441
70075650
20482993
20138386
v39463
21494035
550144
20063000
70073492
21686483
558000
70076071
553626
553407
555117
v39386
21477559
52012624
66715918
t86696
21348607
80295445
80294594
21606841
556761
556047
21148677
80294605
1348284
21673277
21979955
21014832
21376342
21266728
1334044
21532899
t98968
80017916
t98726
20986652
70051252
1316458
1313863
20392520
t97727
21829254
534518
20434606
2245194
t97387
t96824
21876492
70052043
21527119
21594113
t94366
540174
t94332
q26922
21266066
52102161
20085280
80292243
2252516
20761336
80292068
70065142
9721348
21336340
21151685
80292112
80292765
1349936
80292249
80292716
70072651
1348747
557239
80290063
80291836
20555405
21892425
20667368
21722963
1349482
20379089
1350248
554227
80290198
70054025
70026776
20938160
70054363
u27444
20454770
70054929
20894035
70054841
21416238
1335467
20412668
80022480
20833175
70054253
20168250
80025096
70054007
541570
20187208
80018210
20800274
21176527
70053643
540922
1333514
1330197
20474899
70049412
1317377
80112999
20790982
21027733
v27397
70070948
21446466
21287870
9888363
20765767
9654493
70071126
21905960
21628625
20710274
80021828
20682409
552930
21485327
20164167
21184450
70071138
553040
70071095
554047
21211778
80019422
1347318
20075929
20558105
554165
556537
80292039
21615839
21707351
1349160
553941
70074453
1349423
1349100
80292221
20680762
1321865
556618
2252036
1346185
80291805
546867
556769
20859685
21489039
21507507
70074441
21749811
56127798
21547352
70074436
556763
556233
21830193
80290067
21036880
20102246
558264
63159526
1345565
21133162
20039714
70077209
21154364
21482419
1351643
69026485
20403478
70077231
557414
20556244
9958467
21098129
80295160
553424
80296078
558406
v42978
21558933
80018777
20132358
21369932
80294797
1312794
550570
v42726
v42724
21894495
20419414
558475
80295004
9756576
20600218
20599190
80020117
80296272
20803666
21522478
558389
557925
552435
1351402
558492
557166
21480284
21918428
20275245
80291647
21039464
20509289
21494140
v42642
21290545
1349831
20760057
553797
80289999
20882668
21122284
21807101
1349498
20428150
65444142
556529
21753115
21910875
1335003
21296649
21077933
v36466
v36449
1343449
2252262
t67332
20226846
21673104
2252269
1348809
21436178
v36427
1347963
1348468
20738609
20543072
2252245
21915311
554273
20542579
t96996
9631351
9602860
21305953
80020234
20138663
20827158
21492243
20196786
80022590
554181
20755546
20736117
20759650
21162034
21148638
21280358
20679009
21745642
20948550
553144
v27834
20890723
20030250
80024774
553693
v27789
t39362
1301671
70039460
20650706
1323832
21113287
21313031
20922003
21008740
20001196
21212587
t38249
21046463
q97473
21848515
21513273
1325425
20382038
1324944
t37364
20651051
21897698
70038567
21710123
20606336
9966257
21352315
70038406
20671550
t34974
20618811
21946967
20568740
80110491
80291671
e43428
20722980
t44743
20367992
556498
555406
20463044
20845120
21990602
21021018
556437
21562327
541343
80289836
80113054
20539386
20896189
21587343
21897897
80289650
20060542
21067421
21353695
553910
556363
21503350
t34897
t34893
531872
t34793
t34782
21617948
21538148
t34644
t34638
20216026
t34486
t34446
529088
70037807
h28392
1322776
80022968
1322824
1324466
h38888
531641
21873352
t33329
531084
80022533
t32738
523219
523276
t32238
1346978
80026216
80025271
20611311
1346605
2251254
1347583
21248181
554250
56006473
21543588
20314986
21258570
80126529
21348980
v27639
554287
553851
553739
80109824
21568142
80023763
20833761
21765827
80024387
554101
21463492
21986799
20212872
v27438
20007931
m88386
1333021
20869091
70035670
r63488
21924207
20491272
70045865
21974267
20685503
s97972
t92234
t89982
20947194
21838679
k87944
21720287
70050036
2245015
2245016
20362775
20051764
20527877
20024815
21348873
20616387
70049577
t86932
21052102
1350991
21241674
70072893
20732766
21462731
21398025
20850168
21509749
21870442
80295438
21332409
80295322
555547
1345197
20089109
u72976
80296322
80295842
1351525
558412
68786996
9854499
80296291
48713447
20061289
21003453
80024470
20743897
v42432
21182309
20978562
21950668
21877991
2252929
v42792
70076909
1336628
558381
20735280
21542085
70076874
20996434
21075685
20998628
80296162
1350648
v42747
80294719
1323444
20221236
21499975
2253029
20081300
21917013
558527
80295415
2252904
21193533
552998
20186685
1351215
20960311
558347
2252934
21887005
80296091
80295242
62157205
558256
v37444
21298287
1336804
1346093
1344498
1344951
1347964
70076081
550754
20381775
21500222
21710146
21355980
v39946
557534
80295411
20414833
20012774
20520392
20884285
20359274
555210
20287733
20381630
535103
20337811
80113398
80113822
30256013
62524176
20878540
21219530
20509202
70070864
556219
1347001
80017759
1349170
2249256
80126688
80289829
534051
556136
534477
20537477
20566369
1348659
21762072
v36289
v36284
21950437
u34333
u34289
993069
u33927
20395264
70056457
70056456
70056421
21657883
20714497
u33347
21562808
80109991
1335843
543486
538482
70053223
20240199
u32246
20044553
21659604
21031285
2245844
20995219
21878550
20869454
80021099
1335386
20619797
70054921
551473
80027607
545987
21481122
20159849
551349
21345533
66499675
43145454
40541399
64390030
1335573
u92398
21100903
44054837
551329
u92334
551019
21083664
80025489
21173272
21968022
20405551
1344522
1343847
32945307
63429610
80113297
s22266
21880641
80024371
21145038
2247749
21922678
80018758
80019389
1322777
1343031
20495181
21048791
62365262
44175730
1343285
80018139
20892030
21936029
80024396
80022927
80023122
20597417
80113732
20676328
80113353
21442805
80020432
21782660
20955117
20305318
u82738
21497605
1345755
v36868
21021734
32050397
80292051
556614
556362
555830
80113221
20509725
20596735
21337011
55653891
57749842
31629637
v36843
1337854
21471011
v36834
21567262
20680830
550451
42186104
20739291
21055157
20309252
20304979
9554074
80127750
556073
80019546
42439246
20224110
21523212
21800132
550960
1343558
20528835
u89329
548819
80113128
21805179
80022687
80018613
21777776
2249507
21889618
u88869
550687
21764489
u88748
21607501
20788437
549981
21866183
21976887
20672081
550873
20786147
70066474
556743
80292131
63597073
80292450
20244452
20155745
35067354
1349725
21484646
556909
20685342
70074637
21644114
80292312
554027
1349500
70074569
20379709
1348977
21885193
21914434
20752039
21829131
21558107
510514
36890111
v37346
21196902
v37343
20896690
2251810
21984657
1348223
70074101
t94288
v36269
54475575
1348100
v36264
20962134
554439
20784481
21650503
20345289
21367092
80290130
21547503
80021116
21529744
v36227
1341242
20648308
70073611
80127807
70065819
80290193
21714749
21363618
20176943
1348544
2247565
547408
20602526
80126642
70062309
80126605
20661215
80023483
2248331
80113685
546587
u68632
21578755
u68444
20671730
70061752
20113310
20133557
70061058
21394518
20156492
21430663
1340194
70038571
1340095
2248133
21822904
u64277
21331304
u62749
80292586
20904098
21597065
20609061
20049853
70074850
21541157
20411862
20124936
20621708
556949
v37644
555822
v37643
80290151
20625664
v37638
v37636
80127988
556097
70073323
1344228
21628074
20355661
21433855
20941332
20636223
t74936
v37497
80291808
n82493
n74622
n49637
n48448
m96384
9968469
9579830
m39779
m48924
378842
m46434
9466141
k34789
m32636
k88832
9496832
1248498
k78742
k77362
k68932
639589
639587
k29396
k22998
9401237
1238797
h89322
h66947
9964154
h47244
20129692
v24223
1345703
1346535
553617
553560
553031
80024101
1346816
21106427
21717785
20085385
20896870
20685333
1346393
61479041
21112029
553343
552969
534213
21056976
20991426
20905735
70069232
21081851
80109417
552697
20678929
20405651
2251053
1350412
21316541
1351974
1351090
558971
2253135
555639
20750108
558341
20935537
534787
70062367
v43396
21662997
558529
558429
u87362
20239111
70076330
21149834
21733144
30188389
20507067
21607005
20299005
20356676
21347378
20598854
20159536
20450155
43057838
2248812
80019690
80023280
21786345
9971356
u79334
2248979
548831
80022067
80109157
21915744
70062540
20196307
1342251
21013338
21179136
1342584
2248664
21939160
548900
2248593
21016284
70063773
u77789
21229950
2248893
20620837
u77476
21428613
9731063
21550422
20481307
1349316
21435844
21983752
21785787
21520191
70074135
21827547
80291965
20295535
20527166
80291549
1349764
531454
59628848
21187392
70074343
v36737
20242915
9997110
20641975
20183091
21084834
80291737
555314
v36722
20613432
20827950
2251561
20074489
v34344
1348010
1348512
80127528
21626615
21359048
20187368
20082337
21475022
21325560
80127962
532582
38480796
20113999
21435614
21713601
20401289
21147377
20281791
80288415
21626040
9505851
40463460
70073130
70073125
42943199
1348458
70073123
20228175
21659101
535292
20839803
9690521
21828499
552890
20035249
20432269
70069940
20276198
21131391
b72834
70069934
52600409
552564
36909597
31133060
u36786
80109871
21128662
v22796
31735813
37764459
80023410
v22744
1346490
20491594
80113030
21616361
43722930
551997
70068101
u94863
54041809
20028160
20461975
u94824
20769619
20435163
1345051
513477
20053744
70067968
21506407
u94677
2248843
80113461
80113604
u94499
u94487
550082
551896
21187563
20917097
80020072
20257159
20505301
20825785
9552988
u88397
21376174
1343834
70066436
1283625
20411248
1316513
33560175
80020268
1343604
80020788
20247731
20106256
20152369
544777
80024220
20953001
549846
70063629
80113392
20749683
21162779
2249597
2249742
s68822
80022104
21439362
21401999
80021545
21855317
20587903
80023610
1347417
21940025
554084
553774
21502397
543626
21083547
21774230
553007
31197288
21517303
v26899
20342894
21214863
553926
553681
80112748
20065955
553796
20135444
553745
v26837
20516845
v26792
60212498
21504220
20571314
554096
557120
20451821
20578777
21474587
v37736
70074864
20909588
557047
556866
35673450
v37724
1329340
1349224
21731902
20431079
557067
557135
555653
70074484
9740263
20741588
21042187
537582
557087
21055153
21785595
80022179
v37678
21634021
21773210
20639230
21329651
1327219
1338470
20740791
21617675
u49423
545613
s44723
20197156
u48729
u48684
u48676
80024452
u48336
70057042
21482045
u47247
21731126
2247597
20485457
u46728
u46727
u46474
80024187
80022886
9478629
80113538
21660605
21132129
v43897
80290073
v43888
80297308
559143
57864951
21131353
20761687
559145
70077368
v43849
20219459
20571449
21265908
1351756
20008889
21934216
1351789
559036
546337
551430
v43826
1351742
20365848
v43789
v43779
1351916
v43777
80297235
20432090
556454
u84424
20741309
20388092
70074841
63913677
21774431
20544772
1349933
v37483
70074405
1348160
21505186
1350042
20445793
555824
21567781
20190111
21005222
v37438
2252451
80291614
20852166
21589104
21392057
20058252
21229202
80029355
v37424
20156243
21397745
80293875
69132017
21172219
557259
1350445
1350012
70075686
20853844
551952
20838797
21710467
21726742
21109332
64608068
1350819
20602162
21296609
21392333
80016607
20211896
20428273
557650
20492717
21998238
80292646
80294982
80289886
20308728
80295025
545296
21669536
20412994
70058489
70057376
80113593
1338068
80113783
s38973
64602808
20053405
20375255
21610275
80025355
540394
2248378
80021204
u76488
62151033
20925854
20869332
21777248
u74896
20123346
21051452
u74749
u74738
21381773
u74379
1341351
20935073
u73893
1340248
80019896
20419675
1340972
21992372
21051025
20643762
21469803
20618111
555623
2251538
21833354
555633
555259
555038
555114
21010491
80128106
21509155
2252097
70066095
70073321
20894527
80025291
1348584
70071564
555776
555521
555438
555143
70072687
68107281
20110464
21489606
21048030
555039
553599
20666939
v32793
550781
20743026
20760694
20162194
20448981
20946623
20933441
20284484
21158557
21746465
1347518
554658
554292
9736397
70066978
21854225
1347698
21973077
58585446
21747635
v32728
20209630
34872928
v32663
1347305
21115011
70057930
2246947
544685
21153293
21876418
70056693
1337809
2246914
20720347
21132633
1337419
20485078
70057112
80113630
70054359
70056956
21089614
u36899
20797025
20536459
70053398
70056846
21046908
21141796
80027946
553989
1345825
v26728
80024666
1347025
1346478
21485198
20653670
58785671
20840392
1347219
21210755
v26469
20927180
v26449
21443143
549816
20548155
20887648
54169403
21262516
1346452
80019518
80028720
80024478
553948
553117
21671303
20375133
70043970
t67486
t67422
t67349
21759698
2243934
t67242
21828201
21775936
20214098
20922509
21464247
7985268
70043981
t66482
20731130
t64789
21600890
70043945
20525259
t64476
t64397
20321338
70041687
t64328
t64269
20029304
t63982
535985
1347376
9505372
v32637
37764015
80019496
20785793
v32479
20461290
70071966
21231656
21909251
20011034
1348242
20287443
21317119
21553571
21023427
21138907
20575573
20344704
33456177
2250839
21220281
9510345
80113245
1347824
554994
554342
554293
543625
1350575
21663105
70075517
20135105
21044115
557830
9503965
21274217
21336696
21184286
557519
557510
557504
21599687
21372458
2252631
80294440
80294572
557776
557802
70074878
21310017
80295287
20551682
20802204
50631532
1347484
n32788
557734
556862
1347140
21608531
v28792
t67929
554433
554149
70071531
39430706
70071525
34245975
20234135
21784054
64684907
20532433
21284128
20445256
80021171
553515
21200688
21342169
v28683
70071440
20926555
20563537
21386849
538802
20802523
554088
552693
20463831
531409
21297997
t63763
535154
70043357
t63682
70043429
1325360
21271105
1326841
20412982
70043194
21628727
20747770
t62687
80020460
t62433
21454493
t62333
20800839
1327504
70042529
21516084
20081136
t49627
80109978
21371416
21832218
21611446
70042186
u94288
20778343
1344908
20514173
u93966
2250273
1344700
21132572
20651107
20045073
70067884
21833570
80022828
32157858
21273095
80113784
551820
551168
20644341
21525950
21665380
21245593
20796501
70067814
70067796
70065701
20976768
20125056
21775631
20266538
u93699
21350254
80019570
u93637
20363550
61328382
u93487
21128394
1343423
u93466
550708
21159294
20060176
80113626
1344809
u93346
20959195
u93338
21737733
1344185
20895378
70067608
80017653
31003510
21693265
80025073
551337
534426
80023200
70066451
9837683
21049740
20490117
9552080
1310639
20801886
c42746
1308380
2235962
70013620
r97339
g89672
r93622
r93299
20851669
r92778
r92364
21402841
r89847
9660623
20816127
21180379
9696069
20379279
r84473
20946875
515129
21907741
20461067
20564838
21099677
r34768
r34737
2235960
r33998
r33394
508703
21123430
r32344
r32343
r32244
r29286
7990597
1300727
r28666
r28642
r27742
r27427
21676467
1299688
21585591
r24436
r24246
506388
21530487
21728624
r22846
r22269
21544762
21982044
547306
21637171
20844755
70071511
20373835
80022924
70071509
70071508
21657387
70071486
21264679
70071502
554220
20147528
20561581
553827
553210
553012
539360
70071497
1347663
21785557
1314159
80020476
554409
20669742
40647242
80021486
21187118
20065986
v38672
35679539
70075456
t79426
1350579
20707615
20429262
20442381
20229095
21700497
20905510
21008721
1350252
21441794
21617595
556137
70075450
20500615
21798899
80291897
20777690
552333
70075447
21483862
21374596
v38486
557571
v38473
21769188
20360146
555499
80296129
21691764
558374
20912421
1345598
20802595
80294060
20687896
70076019
1348695
556293
549917
21235367
21941758
v42372
558038
20522302
20006934
v42343
20948674
557971
9856404
551391
80292042
20084164
557945
557827
31226032
62795989
20440312
20717307
556160
20691342
80289845
1349103
20579909
556008
555677
555014
70073582
80127806
21865780
20072307
80127864
20634194
21233207
555061
48097319
21787279
21884904
21657505
80289551
1349063
1348942
20778483
1349004
20156317
21865044
555648
21736156
v29997
20470681
70072093
u87777
21772364
v29963
1347187
20167746
21555394
20298841
1347469
44056061
80025457
2250940
1348129
20575198
1347823
v29887
554418
21039957
20408178
21173588
20610587
20311465
v29863
t72429
21964269
1348092
1346048
557729
80294898
21968511
70075521
1349914
557020
21686508
80294848
549383
t93996
1349790
21042706
20261161
21545081
80293921
80025665
1350657
20800382
70075520
20125292
557256
556985
21301818
20271828
20186343
550380
60710117
557587
1349849
21808269
2237848
s76732
80024703
p32948
21960305
s72798
20170521
s66873
21876002
70025676
70023055
1314866
20495410
s47886
q42739
20283686
21010075
9767228
20175542
1313779
1313801
21301492
21942635
20894719
70020080
21696566
532278
20892986
f77288
s33622
